20200101
20200104
20200105
20200111
20200112
20200118
20200119
20200124
20200125
20200131
20200201
20200204
20200205
20200206
20200207
20200208
20200209
20200210
20200215
20200216
20200222
20200223
20200229
20200301
20200302
20200308
20200309
20200315
20200316
20200322
20200323
20200329
20200330
20200405
20200406
20200407
20200411
20200412
20200418
20200419
20200425
20200426
20200501
20200502
20200503
20200504
20200509
20200510
20200516
20200517
20200523
20200524
20200530
20200531
20200606
20200607
20200608
20200609
20200613
20200614
20200620
20200621
20200627
20200628
20200704
20200705
20200711
20200712
20200718
20200719
20200725
20200726
20200801
20200802
20200808
20200809
20200815
20200816
20200822
20200823
20200829
20200830
20200905
20200906
20200913
20200914
20200915
20200920
20200921
20200927
20200928
20201001
20201002
20201003
20201004
20201005
20201006
20201007
20201010
20201011
20201017
20201018
20201024
20201025
20201031
20201101
20201107
20201108
20201114
20201115
20201121
20201122
20201128
20201129
20201205
20201206
20201212
20201213
20201219
20201220
20201226
20201227
